I
1200 Generated by WorldEditor 2.6.0r2

1    305 0 0 XEV0005 [X] Degumnieki
1302 city Degumnieki
1302 country LVA Latvia
1302 datum_lat 56.80455668489509
1302 datum_lon 26.7707030080983
1302 gui_label 3D
1302 local_code XEV0005
1302 region_code EV
1302 state Madona Municipality
100 20.00 23 0 0.50 0 0 0  03  56.80302402  026.76891542 0 0 0 0 0 0 21  56.80607798  026.77231860 0 0 0 0 0 0
110 23 0.70 29.0 taxiway
111  56.80351167  026.76964894
112  56.80351167  026.76964894  56.80352659  026.76969463
112  56.80354270  026.76987522  56.80355004  026.76997930
111  56.80354270  026.76987522
111  56.80356958  026.77029111
112  56.80356958  026.77029111  56.80358021  026.77048671
112  56.80354102  026.77058927  56.80349568  026.77069815
111  56.80354102  026.77058927
111  56.80336333  026.77102007
111  56.80419190  026.77193286
111  56.80425170  026.77178449
112  56.80425170  026.77178449  56.80427675  026.77172574
112  56.80437109  026.77166980  56.80442901  026.77173195
111  56.80437109  026.77166980
111  56.80471410  026.77204563
111  56.80463299  026.77240744
111  56.80483942  026.77262861
111  56.80500738  026.77203032
111  56.80519205  026.77191965
112  56.80519205  026.77191965  56.80525318  026.77188585
112  56.80549855  026.77186524  56.80561209  026.77192428
111  56.80549855  026.77186524
111  56.80516233  026.77148733
112  56.80516233  026.77148733  56.80522041  026.77156176
112  56.80511961  026.77180636  56.80504478  026.77185438
111  56.80511961  026.77180636
111  56.80495280  026.77190382
112  56.80495280  026.77190382  56.80485657  026.77195449
112  56.80466863  026.77183363  56.80456514  026.77171647
111  56.80466863  026.77183363
111  56.80371008  026.77075814
112  56.80371008  026.77075814  56.80367010  026.77069504
112  56.80365908  026.77048743  56.80365304  026.77039830
111  56.80365908  026.77048743
111  56.80363672  026.77011679
112  56.80363672  026.77011679  56.80363166  026.77002814
112  56.80367552  026.76995905  56.80370233  026.76989765
113  56.80375345  026.76991941
130 boundary
111  56.81971432  026.76636874
111  56.81496380  026.75189927
111  56.80326239  026.74520626
111  56.79791508  026.75985385
111  56.79813633  026.78518921
111  56.80227490  026.79609391
113  56.81541940  026.79325111
1300  56.80471708  026.77232445 -58.9 tie_down props|helos Ramp Start 4
1301 A general_aviation 
1300  56.80483731  026.77245652 -59.3 tie_down props|helos Ramp Start 5
1301 A general_aviation 
1300  56.80388670  026.77142848 299.9 tie_down props Ramp Start 1
1301 A general_aviation 
1300  56.80401249  026.77156475 298.8 tie_down props Ramp Start 2
1301 A general_aviation 
1300  56.80413948  026.77169628 300.0 tie_down props Ramp Start 3
1301 A general_aviation 
99
